10
20
30
40
60
70
80
100
240
300
320
400
410
420
440
500
550
570
620
630
659
730
870
906
923
940
954
974
982
994
995
1002
1003
1230
1280
1300
1309
1313
1500
1502
1510
1520
1522
1530
1540
1600
1610
1620
1630
1640
1670
1690
1700
1710
1840
1900
1930
2100
2130
2131
2360
2370
2390
2400
2420
2450
2500
2510
2520
2525
2590
2600
2610
2640
2710
2720
2730
2900
2910
2920
2990
3010
3020
3050
3230
3260
3340
3342
3360
3362
3380
3382
3410
3412
3420
3422
3430
3432
3450
3452
3460
3462
3480
3482
3483
3500
3502
3510
3512
3520
3522
3530
3532
3540
3570
3572
3580
3582
3590
3592
3600
3602
3610
3612
3620
3700
3710
3720
3730
3800
3830
3920
4000
4100
4102
4230
4240
4260
4290
4420
4440
4460
4470
4500
4520
4530
4560
4720
4800
4810
4820
4900
4920
4932
5003
5015
5016
5032
5033
5034
5035
5036
5051
5056
5057
5058
5059
5062
5063
5073
5090
5091
5112
5114
5139
5149
5193
5195
5207
5229
5249
5260
5275
5290
5297
5305
5364
5369
5403
5407
5424
5449
5452
5472
5494
5495
5506
5513
5538
5553
5589
5606
5608
5610
5611
5612
5619
5640
5643
5651
5682
5687
5697
5715
5734
5756
5779
5783
5799
5809
5814
5829
5831
5841
5887
5922
5932
5952
5980
6000
6010
6020
6030
6040
6060
6080
6090
6200
6210
6220
6230
6250
6260
6300
6310
6320
6370
6400
6410
6420
6510
6580
6600
6800
6810
6840
6870
6940
6980
7010
7020
7050
7110
7200
7210
7220
7230
7260
7280
7340
7510
7520
7530
7600
8090
8100
8330
8400
8500
8600
8640
8760
8780
8790
8880
8890
8900
8910
8970
9060
9120
9180
9200
9300
9340
9350
9420
9460
9500
9510
9710
9730
9760
9850
9880
9900
9940
9950
9980
10100
10110
10120
10130
10140
10150
10230
10240
10250
10260
10460
10680
11000
11020
11200
11220
11230
11240
11250
11260
11270
11340
11360
11370
11390
11550
11560
12130
12150
12200
12210
12310
12320
12330
12360
12370
12380
12390
12420
12440
12450
12460
12470
12480
12500
12520
12530
12590
12640
12690
12770
12900
12910
13140
13500
13530
13560
13570
13580
13600
13620
13630
15080
15130
15160
15170
15190
15200
15210
15240
15270
15280
15300
15320
15370
15380
15390
15400
15500
15510
15520
15560
15620
15680
15900
15910
15920
15930
15960
15970
16000
16020
16030
16040
16060
16100
16110
16120
16130
16140
16150
16160
16170
16180
16190
16200
16210
16300
16420
16450
16470
16710
16720
16730
16900
17020
17080
17100
17110
17300
17330
17340
17390
17410
17440
17450
17480
17500
17510
17520
17550
17570
17580
17700
17710
17730
17740
18040
18050
18120
18300
18400
18420
18430
18450
18460
18470
18480
18500
18510
18600
18610
18700
18710
18800
18820
19200
19210
19680
19800
19980
20510
20540
20550
20560
20700
20710
20720
20730
20820
20900
20920
21000
21010
21020
21030
21090
21100
21110
21120
21130
21640
21650
21670
21680
21780
21800
21980
22000
22010
22100
22110
22120
22160
22180
22310
22340
22450
22490
22500
22600
22610
22620
22650
22660
22670
22680
22690
23150
23300
23320
23380
23420
23440
23460
23500
23530
23600
23610
23700
24200
24240
24400
24410
24420
24430
24460
24480
24640
24650
24670
24710
24720
24780
24790
24800
24810
24840
25000
25010
25600
25610
25620
25700
25710
25810
25830
25860
25910
25930
25940
25980
25990
26000
26010
26500
26510
26800
26810
26900
26910
27000
27020
27030
27040
27050
27200
27800
27810
27900
27910
27920
27930
27940
28000
28020
29120
29130
29140
29150
29180
29200
29540
29560
29570
29580
29600
29610
29620
29630
29700
29800
29900
31100
31160
31170
31180
31190
31200
31210
31220
31230
31240
31250
31260
31270
31500
31800
31810
31820
31830
31840
31850
31860
31870
31880
31890
31900
31910
31920
31930
31940
31950
31960
31970
32110
32120
32140
32160
32200
32210
32310
32330
32340
32350
32360
32380
32390
32400
32410
32420
32430
32450
32460
32500
32510
32610
32620
32630
32640
32650
32660
32680
32710
32720
32730
32740
32750
32760
32770
32900
33220
33290
33320
33390
33400
33460
33580
33600
33610
33650
33680
33730
33770
33780
33900
33950
33980
33990
34050
34200
34270
34280
34310
34600
34620
34630
34640
34810
34900
34910
34920
34930
35000
35010
35020
35050
35070
35140
35300
35310
35320
35460
35480
35490
35600
35800
36000
36900
36910
36920
36930
37000
37400
37410
37420
37600
37800
37810
37960
37970
37980
37990
38000
38010
38020
38070
38080
38090
38100
38110
38120
38130
38140
38150
38160
38170
38180
38190
38210
38430
38440
38450
38460
38480
38490
38600
38700
38710
38720
38730
38740
38750
39000
39100
39110
39120
39160
39190
39200
39230
39270
39500
39510
39520
39540
39550
39630
39640
39650
39660
39670
39680
39690
39800
39810
39900
40100
40140
40300
40310
40320
40330
40340
40350
40360
40380
40390
40420
40500
40510
40700
40710
40720
40930
40960
40970
40990
41050
41060
41100
41110
41300
41500
41510
41600
41660
41670
41680
41700
41730
41740
41800
41810
41900
42100
42120
42140
42170
42190
42200
42210
42220
42230
42500
42670
42810
42890
42920
42980
42990
43000
43100
43190
43600
44100
44110
44600
44680
44690
45000
45010
45100
45200
45300
45310
45700
45710
45730
46000
46010
46400
46410
46440
46480
46490
46500
46510
46520
46550
46560
46600
46610
46700
46710
46720
46730
46740
46750
46760
46770
46790
46830
46840
46850
47110
47120
47130
47500
47530
47730
47740
47790
47810
47830
48000
48010
48150
48220
48280
48700
48710
48720
48800
48810
48900
49300
49320
49330
49340
49540
49800
49810
50000
50010
50300
50620
50640
50910
50920
50930
50940
50960
50970
50980
50990
51000
51010
51020
51030
51060
55100
55110
55140
55230
55370
57000
57010
57200
57210
57300
57640
57740
57900
58200
58220
58230
58240
58550
58560
58570
58580
60340
60350
60600
60610
60800
60810
61310
61520
61600
61730
62000
62100
63000
63110
63200
63500
63610
63620
63630
63640
63650
63660
63700
63710
65070
65080
65270
65300
65500
65520
65530
65540
65600
65610
65730
65740
65760
65790
67000
67010
67100
67370
70000
70100
70110
70120
70130
70140
70200
70210
70220
70230
70300
70310
70400
70410
70420
70430
70500
70510
70600
70620
70640
70650
70660
70900
70910
71000
71110
71120
71160
71230
71240
71260
72000
72400
72410
72900
73010
73190
73210
73220
73230
80200
80300
80310
80330
80340
80350
80360
80660
81010
81120
81440
81490
81550
81710
81730
82040
91100
91110
91330
91600
91610
91700
91800
91810
91820
91830
92000
92100
92300
92310
92600
92800
92810
94000
94200
94300
94400
94590
94600
94610
94620
95300
95310
95400
95700
95900
96000
96010
96100
96200
96900
97000
97010
98100
98200
98220
98400
98500
98800
99100
99300
99400
99410
99700
99830
99900
99910
100400
102400
102410
102600
102610
102850
104000
104020
104100
104200
104600
104900
105000
105100
105420
105600
105800
106000
107100
107110
107200
107210
107300
107310
108500
108600
108700
108710
108800
109200
109600
110500
110520
110800
111000
111010
111020
111030
111100
111400
111800
112100
112110
113020
113400
113420
115100
115110
115120
115210
115220
115320
115340
115800
116100
116120
