10
20
30
40
60
70
80
100
240
300
320
400
410
420
440
500
550
570
620
630
659
730
870
906
923
940
954
974
982
994
995
1002
1003
1230
1280
1300
1309
1313
1500
1502
1510
1520
1522
1530
1540
1600
1610
1620
1630
1640
1670
1690
1700
1710
1840
1900
1930
2100
2130
2131
2360
2370
2390
2400
2420
2450
2500
2510
2520
2525
2590
2600
2610
2640
2710
2720
2730
2900
2910
2920
2990
3010
3020
3050
3230
3260
3340
3342
3360
3362
3380
3382
3410
3412
3420
3422
3430
3432
3450
3452
3460
3462
3480
3482
3483
3500
3502
3510
3512
3520
3522
3530
3532
3540
3570
3572
3580
3582
3590
3592
3600
3602
3610
3612
3620
3700
3710
3720
3730
3800
3830
3920
4000
4100
4102
4230
4240
4260
4290
4420
4440
4460
4470
4500
4520
4530
4560
4720
4800
4810
4820
4900
4920
4932
5003
5015
5016
5032
5033
5034
5035
5036
5051
5056
5057
5058
5059
5062
5063
5073
5090
5091
5112
5114
5139
5149
5193
5195
5207
5229
5249
5260
5275
5290
5297
5305
5364
5369
5403
5407
5424
5449
5452
5472
5494
5495
5506
5513
5538
5553
5589
5606
5608
5610
5611
5612
5619
5640
5643
5651
5682
5687
5697
